1:ItNr	2:Metric	3a:Time	3b:StepSize	4:||Gradient||	Time[ms]
0	9.724291	0.000000	32.464499	0.215551	359.5
1	8.449257	0.000000	32.464499	0.198376	2.9
2	7.590790	0.000000	32.464499	0.174721	3.0
3	6.279682	0.000000	32.464499	0.158923	4.7
4	5.889763	0.000000	32.464499	0.156946	4.5
5	5.674478	0.000000	32.464499	0.146478	3.7
6	4.676716	0.000000	32.464499	0.118248	2.9
7	4.614347	0.000000	32.464499	0.115972	4.0
8	4.840067	0.000000	32.464499	0.115804	4.5
9	3.638769	0.000000	32.464499	0.097921	6.4
10	3.952148	0.000000	32.464499	0.098918	4.5
11	3.254594	0.000000	32.464499	0.087376	3.0
12	3.198168	0.000000	32.464499	0.073207	3.0
13	2.992782	0.000000	32.464499	0.069173	3.0
14	2.795703	0.000000	32.464499	0.070535	3.5
15	2.774216	0.000000	32.464499	0.063252	4.3
16	2.729972	0.000000	32.464499	0.056215	4.7
17	2.530381	0.000000	32.464499	0.057589	5.6
18	2.913168	0.000000	32.464499	0.070351	4.7
19	2.695790	0.000000	32.464499	0.060358	5.2
20	2.770374	0.000000	32.464499	0.055969	4.9
21	2.317068	0.000000	32.464499	0.049021	5.0
22	2.391539	0.000000	32.464499	0.049887	4.4
23	2.354940	0.000000	32.464499	0.056606	4.0
24	2.045088	0.000000	32.464499	0.053052	6.6
25	2.250685	0.000000	32.464499	0.045397	4.2
26	2.263585	0.000000	32.464499	0.054280	4.7
27	2.145599	0.000000	32.464499	0.042403	5.0
28	2.036255	0.000000	32.464499	0.045779	5.9
29	2.116889	0.000000	32.464499	0.045040	8.5
30	1.930592	0.000000	32.464499	0.046457	3.8
31	2.032965	0.000000	32.464499	0.044144	3.1
32	2.119314	0.000000	32.464499	0.041877	3.0
33	2.064795	0.000000	32.464499	0.043433	3.0
34	1.927021	0.000000	32.464499	0.040044	4.9
35	1.629527	0.000000	32.464499	0.040236	4.9
36	1.891993	0.000000	32.464499	0.038891	4.7
37	1.755064	0.000000	32.464499	0.041580	4.9
38	1.981528	0.000000	32.464499	0.038907	3.0
39	2.020653	0.000000	32.464499	0.037929	4.9
40	1.562772	0.000000	32.464499	0.035839	3.8
41	1.939953	0.000000	32.464499	0.044435	3.3
42	1.829153	0.000000	32.464499	0.045973	3.0
43	1.620537	0.000000	32.464499	0.036868	4.9
44	1.954116	0.000000	32.464499	0.037277	7.1
45	1.689944	0.000000	32.464499	0.034225	4.7
46	1.419948	0.000000	32.464499	0.029850	3.9
47	1.686964	0.000000	32.464499	0.040165	3.1
48	1.526871	0.000000	32.464499	0.034720	4.9
49	1.563375	0.000000	32.464499	0.038799	5.5
50	1.595815	0.000000	32.464499	0.033180	4.5
51	1.704609	0.000000	32.464499	0.037191	2.9
52	1.778258	0.000000	32.464499	0.029685	3.0
53	1.592024	0.000000	32.464499	0.031078	4.7
54	1.539476	0.000000	32.464499	0.040328	3.0
55	1.307161	0.000000	32.464499	0.028107	5.1
56	1.374886	0.000000	32.464499	0.029485	7.0
57	1.618234	0.000000	32.464499	0.031457	4.3
58	1.478892	0.000000	32.464499	0.028729	4.9
59	1.644633	0.000000	32.464499	0.030774	4.9
60	1.380034	0.000000	32.464499	0.030861	5.0
61	1.449231	0.000000	32.464499	0.024377	4.7
62	1.672356	0.000000	32.464499	0.038026	3.7
63	1.623727	0.000000	32.464499	0.029591	6.4
64	1.539903	0.000000	32.464499	0.031745	4.6
65	1.518564	0.000000	32.464499	0.024296	5.0
66	1.524488	0.000000	32.464499	0.030696	3.0
67	1.507546	0.000000	32.464499	0.027508	3.1
68	1.377543	0.000000	32.464499	0.026136	3.8
69	1.489489	0.000000	32.464499	0.034432	3.8
70	1.136078	0.000000	32.464499	0.029795	3.3
71	1.292425	0.282704	32.033264	0.028202	7.4
72	1.402976	0.525389	31.672110	0.029604	3.5
73	1.332909	0.447587	31.787001	0.030407	3.0
74	1.352560	0.364463	31.910676	0.029759	3.0
75	1.471890	0.267981	32.055439	0.031528	5.3
76	1.507558	0.171471	32.201564	0.034140	3.5
77	1.276429	0.219172	32.129174	0.027935	6.3
78	1.400654	0.122636	32.276013	0.026303	4.0
79	1.428684	0.027177	32.422539	0.026594	3.5
80	1.539549	0.000000	32.464499	0.027471	3.0
81	1.515943	0.000000	32.464499	0.024573	3.0
82	1.523424	0.000000	32.464499	0.030204	3.0
83	1.230185	0.000000	32.464499	0.025169	4.8
84	1.386889	0.000000	32.464499	0.027147	5.4
85	1.222583	0.000000	32.464499	0.022642	6.7
86	1.247433	0.000000	32.464499	0.029638	3.0
87	1.294447	0.000000	32.464499	0.023628	3.0
88	1.294834	0.000000	32.464499	0.023810	3.1
89	1.325819	0.000000	32.464499	0.023818	4.7
90	1.410034	0.000000	32.464499	0.026256	4.8
91	1.318394	0.000000	32.464499	0.029624	3.1
92	1.302378	0.383731	31.881924	0.026516	4.7
93	1.241603	0.287766	32.025646	0.033567	4.9
94	1.319728	1.111398	30.832716	0.028130	5.0
95	1.345302	1.017890	30.963660	0.023402	4.9
96	1.436482	0.921383	31.099976	0.029214	5.0
97	1.055911	0.895658	31.136515	0.028563	4.9
98	1.069204	0.828148	31.232814	0.024307	5.0
99	1.238871	1.261487	30.624839	0.029631	4.8
100	1.155160	1.249385	30.641498	0.024248	5.1
101	1.314239	1.203460	30.704875	0.024686	4.1
102	1.394824	1.112579	30.831070	0.033621	3.0
103	1.179608	1.016095	30.966185	0.023221	3.0
104	1.388364	1.265632	30.619139	0.035208	4.9
105	1.235948	1.265676	30.619079	0.033648	5.6
106	1.281382	2.262277	29.307298	0.034166	4.7
107	1.175962	2.165726	29.429446	0.027459	3.3
108	1.184580	2.080538	29.538067	0.022799	3.1
109	1.110249	1.987040	29.658210	0.022054	3.0
110	1.234254	1.916825	29.749081	0.025362	3.0
111	1.098385	1.820881	29.874152	0.036530	5.0
112	1.170369	1.827028	29.866107	0.026679	5.1
113	1.300413	1.754509	29.961292	0.029784	8.9
114	1.048089	1.658171	30.088681	0.024648	4.5
115	1.179312	2.353764	29.192487	0.021404	5.2
116	1.191022	2.343936	29.204778	0.022946	4.3
117	1.156704	2.461341	29.058632	0.026504	4.8
118	1.222778	2.837353	28.600259	0.031267	5.0
119	1.464299	3.821187	27.466635	0.030780	6.7
120	1.173600	4.734653	26.491691	0.023288	4.2
121	1.142329	4.641413	26.588022	0.026544	4.6
122	1.290089	4.652584	26.576445	0.023683	4.7
123	1.070639	5.228339	25.993048	0.022450	5.3
124	0.950085	5.156924	26.064015	0.021925	4.8
125	1.114587	5.882930	25.360125	0.025298	4.6
126	1.117272	5.787604	25.450371	0.019882	4.7
127	1.091902	5.695590	25.538094	0.024067	4.7
128	1.100229	5.602718	25.627249	0.028405	4.5
129	1.190170	6.320863	24.953621	0.025811	10.2
130	1.140507	7.031650	24.320882	0.019227	10.0
131	1.390533	6.963239	24.380383	0.030784	4.7
132	1.058474	6.868396	24.463355	0.019033	17.7
133	1.140446	6.802678	24.521180	0.030959	12.5
134	1.143485	6.715300	24.598488	0.024968	7.5
135	1.054746	6.618772	24.684460	0.032504	4.5
136	0.967991	7.614037	23.825875	0.024284	6.1
137	1.283335	8.604212	23.028968	0.024284	5.4
138	1.199046	8.871695	22.822758	0.031271	5.6
139	0.938528	9.765120	22.159981	0.026762	5.6
140	1.330047	10.764245	21.462952	0.026714	5.0
141	1.073144	10.717676	21.494465	0.023188	4.9
142	1.064706	10.621501	21.559839	0.031080	5.0
143	1.187527	10.828411	21.419683	0.028070	4.9
144	0.981728	11.688596	20.856034	0.021694	5.2
145	1.029745	11.621836	20.898716	0.022414	4.8
146	1.141339	11.527191	20.959525	0.030052	9.1
147	1.168812	12.486582	20.359034	0.029789	6.3
148	1.159587	12.390056	20.417889	0.027822	5.0
149	1.035770	13.353866	19.845059	0.027107	4.7
150	1.062654	14.347581	19.287161	0.018368	5.1
151	1.078103	14.678965	19.108022	0.018349	5.0
152	1.119060	14.585325	19.158304	0.022197	4.8
153	1.088644	14.560868	19.171480	0.021282	4.7
154	1.157080	14.502433	19.203035	0.024651	4.9
155	1.087778	14.426398	19.244250	0.028193	7.9
156	1.074076	14.329862	19.296834	0.022483	7.6
157	1.127204	15.217633	18.823827	0.025425	13.4
158	1.084598	15.273496	18.794838	0.033877	5.6
159	1.105744	15.856093	18.497742	0.024295	5.5
160	1.220783	16.259435	18.297499	0.029748	4.8
161	1.086232	16.585291	18.138864	0.021492	4.9
162	1.057339	16.778643	18.046029	0.027684	8.5
163	1.208438	16.694942	18.086099	0.023780	5.7
164	1.123742	16.624912	18.119763	0.026192	5.4
165	1.241205	16.729781	18.069399	0.025532	5.3
166	0.893498	16.674062	18.096123	0.026990	11.2
167	1.100052	16.580696	18.141082	0.021914	4.9
168	1.071921	16.492949	18.183538	0.035257	5.1
169	1.097030	16.396466	18.230452	0.024521	5.4
170	1.199902	17.392061	17.757694	0.031395	8.6
171	1.165833	18.371621	17.315885	0.020951	4.5
172	1.108565	19.286579	16.922620	0.022803	4.7
173	1.166896	19.192447	16.962253	0.020674	5.4
174	0.997238	19.132343	16.987657	0.028844	4.1
175	1.039137	19.153999	16.978495	0.023392	5.1
176	0.950681	19.236697	16.943599	0.018946	5.0
177	1.125188	19.267280	16.930731	0.023106	5.8
178	1.019711	19.251860	16.937217	0.022559	4.7
179	1.030044	19.160672	16.975674	0.016232	4.9
180	1.001763	19.079314	17.010133	0.022603	5.4
181	1.008062	19.136717	16.985806	0.030588	4.3
182	0.949377	19.042177	17.025909	0.021581	3.6
183	1.134899	19.867405	16.682108	0.028546	16.6
184	0.978906	19.771397	16.721391	0.022789	4.6
185	0.978146	19.674849	16.761082	0.017888	4.8
186	1.168565	19.586624	16.797516	0.022683	6.9
187	1.101549	19.650506	16.771119	0.022801	4.3
188	1.043001	19.559447	16.808771	0.025306	6.2
189	1.110079	19.462916	16.848871	0.022992	5.8
190	1.055033	19.368809	16.888149	0.020794	5.7
191	0.836344	19.282903	16.924164	0.024063	5.0
192	0.998275	19.391938	16.878479	0.019664	3.9
193	0.932945	19.364262	16.890052	0.019539	11.9
194	0.920933	19.505967	16.830964	0.018772	7.6
195	1.186999	19.428113	16.863376	0.023518	4.9
196	1.111065	19.337209	16.901379	0.022922	4.8
197	0.867813	19.326352	16.905930	0.018881	4.9
198	1.066962	19.232593	16.945328	0.025612	5.7
199	0.998746	19.269849	16.929650	0.032112	7.2
200	1.105012	19.174505	16.969829	0.024748	7.0
201	1.013540	19.182567	16.966424	0.019248	6.1
202	0.984020	19.090100	17.005557	0.019066	4.3
203	0.993925	19.024084	17.033606	0.022008	8.2
204	0.893226	19.012835	17.038395	0.023338	4.6
205	1.017176	19.060855	17.017971	0.024241	4.3
206	1.040274	18.964332	17.059074	0.018642	6.8
207	1.104979	18.869374	17.099703	0.024868	5.9
208	1.091425	18.776713	17.139538	0.024334	8.2
209	0.923622	18.994355	17.046268	0.024892	5.7
210	0.898016	18.962760	17.059744	0.026354	4.9
211	0.971230	18.866937	17.100749	0.017040	6.7
212	0.977371	18.845969	17.109747	0.022907	5.6
213	1.081175	18.880688	17.094852	0.025110	4.3
214	0.944691	18.794433	17.131906	0.022814	4.8
215	0.988697	19.620751	16.783404	0.030965	7.7
216	1.023977	19.636678	16.776826	0.018014	6.3
217	0.994689	19.791169	16.713286	0.023021	4.2
218	0.948959	19.703574	16.749253	0.020893	4.9
219	0.882701	19.640121	16.775405	0.019023	6.7
220	1.112128	19.553045	16.811425	0.023000	5.0
221	1.011221	19.499496	16.833653	0.027758	2.9
222	1.100551	19.654552	16.769450	0.018745	3.0
223	1.060560	19.570760	16.804084	0.028317	3.0
224	1.192980	19.475396	16.843676	0.024721	5.1
225	1.028724	19.414477	16.869066	0.022005	5.6
226	1.086866	20.253612	16.525934	0.021005	5.6
227	0.834079	20.244797	16.529466	0.030558	4.6
228	1.013793	20.432531	16.454570	0.030691	6.0
229	1.043958	20.606024	16.385956	0.029924	15.7
230	1.055650	20.574936	16.398209	0.020015	5.5
231	0.860199	21.295784	16.118734	0.019793	5.5
232	1.108569	21.203020	16.154163	0.035477	6.6
233	1.153817	21.543601	16.024842	0.022740	4.3
234	0.972285	21.708525	15.962960	0.021237	5.3
235	0.969208	21.630719	15.992094	0.024977	5.0
236	1.067613	21.534458	16.028286	0.023420	4.9
237	0.985527	22.255475	15.761114	0.024787	6.9
238	0.870432	23.134256	15.447286	0.018748	4.4
239	1.067897	23.039712	15.480448	0.022895	3.6
240	0.982065	23.168573	15.435284	0.023978	4.7
241	0.890809	23.072141	15.469057	0.027152	4.7
242	0.942402	22.985937	15.499374	0.018452	6.1
243	0.993339	22.893166	15.532133	0.020971	4.5
244	0.984543	22.829908	15.554550	0.021753	3.1
245	0.877324	22.773229	15.574690	0.018520	3.1
246	0.884499	22.681264	15.607480	0.027378	5.2
247	1.012903	22.586578	15.641386	0.020169	2.9
248	1.029230	23.217252	15.418291	0.019696	4.4
249	0.863352	23.123833	15.450935	0.018464	5.5
250	1.021961	23.034611	15.482241	0.018758	4.2
251	0.929932	23.084851	15.464597	0.019258	4.9
252	1.013784	23.068218	15.470434	0.033927	5.5
253	1.062647	23.531654	15.309435	0.023558	4.8
254	0.925259	24.272102	15.059042	0.018316	4.6
255	1.074991	24.209360	15.079941	0.036528	4.6
256	1.041960	24.219471	15.076569	0.023223	4.5
257	0.915328	24.805822	14.883577	0.018412	14.7
258	0.916984	24.716915	14.912521	0.021045	4.9
259	1.006887	24.811274	14.881806	0.026073	4.9
260	1.018958	24.825615	14.877148	0.030028	5.4
261	0.912097	25.809538	14.564435	0.023732	8.7
262	0.894104	26.735140	14.282025	0.014590	4.4
263	1.046405	26.742914	14.279700	0.023935	5.8
264	1.030668	26.841675	14.250222	0.023858	6.3
265	0.966424	26.760350	14.274486	0.029042	5.7
266	0.918210	26.665675	14.302839	0.022378	5.6
267	0.989611	26.687786	14.296207	0.020470	5.6
268	1.129223	26.598608	14.322992	0.018952	4.9
269	0.934266	26.510760	14.349475	0.020359	4.7
270	0.932351	26.422739	14.376109	0.020807	7.5
271	0.937780	26.326849	14.405237	0.027441	7.5
272	0.912612	26.519329	14.346888	0.023750	2.6
273	1.057622	26.423127	14.375992	0.022664	3.0
274	1.101440	27.082877	14.178737	0.017930	5.2
275	0.914773	27.023577	14.196245	0.022422	3.1
276	0.995550	26.933319	14.222977	0.022245	5.2
277	0.963266	27.887164	13.945470	0.019390	6.9
278	0.992339	27.812574	13.966780	0.021430	5.6
279	0.962749	27.737083	13.988414	0.018110	4.9
280	1.049088	27.691941	14.001382	0.022162	4.8
281	0.969571	27.613892	14.023861	0.018995	4.5
282	0.991566	28.375112	13.807654	0.021109	5.9
283	0.995854	28.753374	13.702678	0.018217	4.3
284	0.923571	28.659260	13.728647	0.022105	4.2
285	1.089589	29.164637	13.590340	0.023876	3.2
286	0.897087	29.068155	13.616529	0.015298	3.0
287	0.845997	28.977713	13.641170	0.022423	4.9
288	0.990524	28.902777	13.661654	0.019019	4.6
289	0.933402	29.379262	13.532443	0.024588	8.3
290	1.055405	29.286936	13.557288	0.021562	4.4
291	1.001091	29.425010	13.520165	0.018937	3.0
292	0.958341	29.329237	13.545893	0.016632	3.2
293	1.105255	29.241670	13.569503	0.021761	3.1
294	1.014782	29.149297	13.594497	0.019233	5.0
295	1.046893	29.365930	13.536025	0.024203	4.8
296	0.964543	29.559921	13.484089	0.025434	6.9
297	0.876865	29.475334	13.506686	0.022833	4.9
298	1.054184	29.379566	13.532361	0.020679	3.0
299	0.940884	29.534337	13.490915	0.019878	3.0
300	0.980407	29.549894	13.486764	0.027176	3.0
301	1.024759	29.476462	13.506384	0.021159	3.5
302	0.951316	29.398489	13.527280	0.017471	2.9
303	0.973827	29.491055	13.502480	0.028733	3.0
304	1.012305	29.944541	13.382287	0.022882	4.9
305	0.929449	30.133782	13.332761	0.025746	6.4
306	0.905887	30.936441	13.126708	0.018677	4.2
307	0.943165	30.851517	13.148207	0.020211	3.0
308	1.001275	30.905367	13.134566	0.025776	2.9
309	1.101989	31.071053	13.092773	0.023455	4.9
310	0.975464	30.974665	13.117054	0.018259	6.5
311	0.981227	30.908032	13.133892	0.022991	4.5
312	1.067792	30.811780	13.158291	0.018461	3.0
313	0.956049	30.977219	13.116409	0.028317	3.1
314	0.985790	30.881108	13.140708	0.016892	4.6
315	1.137497	30.873278	13.142691	0.026734	3.1
316	0.957512	30.777166	13.167087	0.022500	4.9
317	1.008076	31.044719	13.099398	0.021436	4.7
318	0.919854	31.121563	13.080085	0.023415	9.8
319	0.956641	31.160615	13.070292	0.025477	3.9
320	0.860556	31.273016	13.042187	0.014902	3.8
321	0.880070	31.183734	13.064502	0.024425	4.5
322	0.866193	31.107411	13.083637	0.021660	5.2
323	0.891532	31.183570	13.064543	0.022120	5.2
324	1.000481	31.136733	13.076279	0.020304	5.6
325	0.917341	31.057115	13.096279	0.028050	5.1
326	0.870642	30.961064	13.120487	0.021311	4.3
327	0.925673	30.864605	13.144889	0.022472	3.9
328	0.960492	30.798409	13.161687	0.029681	4.8
329	0.799913	30.772298	13.168326	0.022049	3.0
330	0.773743	31.765183	12.920536	0.015408	3.0
331	1.019723	31.696457	12.937387	0.020079	5.3
332	0.919554	31.678314	12.941843	0.019288	3.5
333	1.008753	31.601918	12.960639	0.017976	5.9
334	0.892310	31.512960	12.982595	0.023194	4.6
335	0.993411	31.460911	12.995475	0.027681	4.6
336	0.790624	31.366081	13.019009	0.019772	4.6
337	0.830194	31.408302	13.008520	0.029038	4.9
338	1.003303	31.639812	12.951309	0.018179	11.3
339	0.946508	32.564032	12.727841	0.017858	4.5
340	0.965909	32.501071	12.742819	0.022782	8.2
341	0.937467	32.418431	12.762533	0.023148	5.0
342	0.912865	32.601580	12.718925	0.013304	4.9
343	0.966179	32.564071	12.727831	0.014759	5.0
344	1.015225	32.484467	12.746775	0.017170	6.3
345	0.857855	32.412418	12.763970	0.016799	4.9
346	1.082147	32.454526	12.753915	0.017135	5.0
347	0.964216	32.486286	12.746342	0.026330	6.6
348	0.945866	32.392063	12.768836	0.021931	7.7
349	0.781090	32.295648	12.791935	0.023543	7.3
350	0.933409	32.225730	12.808739	0.016589	4.8
351	0.910383	32.504428	12.742020	0.019112	4.9
352	0.904491	32.416176	12.763071	0.025858	9.8
353	1.020065	32.591494	12.721319	0.026977	4.9
354	0.893485	33.127818	12.595270	0.017807	4.3
355	0.802449	33.162094	12.587299	0.028439	6.9
356	1.037831	33.072601	12.608132	0.018175	4.8
357	0.900352	33.640061	12.477191	0.026099	4.8
358	0.938292	33.572256	12.492694	0.024736	4.8
359	0.913768	33.678098	12.468511	0.018955	7.8
360	0.912348	33.979743	12.400103	0.028338	4.3
361	0.957412	33.883833	12.421772	0.020291	3.8
362	0.918961	33.960503	12.404444	0.019386	5.4
363	0.931857	33.982663	12.399444	0.025018	7.3
364	0.857721	33.982846	12.399403	0.016135	4.1
365	0.872355	34.475195	12.289357	0.020109	2.9
366	0.949072	34.418711	12.301882	0.020649	3.0
367	1.042304	34.359579	12.315023	0.019502	4.8
368	0.845431	34.426061	12.300251	0.026593	4.7
369	0.880692	34.510679	12.281501	0.016908	3.6
370	0.980912	34.467873	12.290979	0.014253	4.6
371	0.960718	34.424498	12.300598	0.015745	5.6
372	0.966127	34.352916	12.316505	0.027721	3.6
373	0.973448	34.682322	12.243643	0.025055	3.5
374	1.001876	34.586106	12.264836	0.016071	3.0
375	1.007515	34.535074	12.276106	0.016558	4.6
376	0.892598	34.475002	12.289400	0.024326	3.9
377	1.014512	34.689778	12.242004	0.018936	5.1
378	0.935020	34.596243	12.262600	0.022088	4.3
379	0.999600	34.500613	12.283729	0.017840	3.0
380	0.917389	34.427416	12.299950	0.020907	3.2
381	0.923631	34.416501	12.302373	0.013793	3.4
382	0.859670	34.367520	12.313257	0.029514	3.0
383	0.873278	34.475243	12.289346	0.017094	4.7
384	0.999348	35.394625	12.088997	0.019917	3.0
385	0.985902	35.331401	12.102566	0.031985	6.4
386	1.000954	35.236668	12.122953	0.022031	4.8
387	1.050546	36.234453	11.911610	0.021789	3.2
388	0.921275	36.138389	11.931636	0.016543	3.4
389	0.853970	36.151175	11.928967	0.022958	3.0
390	0.985914	36.063469	11.947302	0.024478	3.0
391	0.881078	37.045154	11.745244	0.016250	4.8
392	0.920328	37.028013	11.748713	0.025936	4.8
393	0.873187	37.301516	11.693598	0.020876	4.7
394	0.907102	37.208332	11.712318	0.022111	4.0
395	0.767748	37.117348	11.730654	0.020141	3.1
396	0.843241	37.025771	11.749167	0.021020	3.0
397	0.955752	37.199131	11.714169	0.015935	3.0
398	0.858336	37.179704	11.718081	0.022054	3.0
399	0.949756	37.132327	11.727631	0.019454	5.2
400	0.903829	37.129087	11.728285	0.015761	3.2
401	0.893742	37.184967	11.717021	0.022415	4.8
402	0.928549	37.188969	11.716215	0.017459	6.4
403	0.814251	37.161539	11.721741	0.014685	5.5
404	0.957738	37.089933	11.736190	0.021721	3.0
405	0.874202	37.030250	11.748260	0.027147	3.4
406	0.908128	37.873863	11.579917	0.019098	5.3
407	0.909570	37.786908	11.597046	0.026436	5.7
408	0.885076	37.715124	11.611224	0.016703	4.0
409	0.856075	37.861488	11.582352	0.016975	3.7
410	0.967110	37.785905	11.597244	0.022781	3.0
411	0.959266	37.783015	11.597814	0.017873	3.0
412	0.854329	37.868947	11.580884	0.021110	3.0
413	0.966906	37.779054	11.598595	0.024943	4.7
414	0.976816	37.683836	11.617415	0.020535	5.3
415	0.845172	37.589988	11.636023	0.015243	6.0
416	0.886403	37.737064	11.606887	0.016881	4.1
417	0.916676	37.660030	11.622130	0.028376	3.0
418	0.945367	37.611408	11.631771	0.025854	3.0
419	0.889157	37.829077	11.588733	0.024965	3.9
420	0.947513	37.733444	11.607602	0.018487	4.7
421	0.716753	37.636996	11.626695	0.015178	3.0
422	0.900905	37.546287	11.644709	0.017183	5.6
423	0.788058	37.501810	11.653562	0.015188	4.8
424	0.965075	37.441383	11.665612	0.028602	4.2
425	0.884274	37.449677	11.663956	0.014995	6.1
426	0.853152	37.437933	11.666300	0.015689	6.3
427	0.968634	37.484842	11.656943	0.030228	5.7
428	0.861772	37.414347	11.671011	0.016441	7.9
429	0.898197	37.321797	11.689531	0.015969	5.1
430	0.814110	37.296482	11.694608	0.016536	6.3
431	0.953933	37.631771	11.627731	0.028339	6.0
432	0.969097	37.661744	11.621790	0.021311	5.0
433	0.868321	37.686672	11.616853	0.018014	4.7
434	0.915300	38.271764	11.502180	0.022594	3.4
435	0.826548	38.181773	11.519670	0.024271	3.6
436	0.928154	38.095611	11.536466	0.024248	7.4
437	0.783806	38.057005	11.544007	0.022688	2.5
438	0.799971	38.741365	11.411766	0.023450	6.0
439	0.840344	38.887713	11.383879	0.031446	4.9
440	0.863613	38.791164	11.402261	0.017327	5.5
441	1.019383	39.387600	11.289643	0.021673	4.1
442	0.932295	39.297355	11.306540	0.020333	3.0
443	0.868199	39.203254	11.324213	0.020722	3.0
444	0.952811	39.107125	11.342324	0.023133	3.0
445	0.903246	39.031733	11.356568	0.029705	4.6
446	0.978394	38.987728	11.364899	0.031893	4.7
447	0.827835	39.399262	11.287464	0.019424	4.8
448	0.913384	39.302759	11.305527	0.026555	7.0
449	0.884975	39.209383	11.323060	0.023640	4.3
450	0.985385	39.989318	11.178260	0.022551	4.7
451	0.753577	39.897842	11.195051	0.021950	5.2
452	0.763343	40.777540	11.035637	0.019146	7.8
453	0.819613	40.733979	11.043424	0.021633	5.4
454	0.763826	41.349459	10.934409	0.017220	3.9
455	0.887694	41.261429	10.949869	0.017733	3.0
456	0.905458	41.171232	10.965755	0.030519	3.0
457	0.889467	41.900364	10.838641	0.022958	4.9
458	0.827093	41.846518	10.847927	0.025544	4.3
459	0.890989	42.235834	10.781142	0.025396	5.8
460	0.839351	42.139293	10.797626	0.025903	4.0
461	0.751049	42.043326	10.814063	0.022324	3.0
462	0.876746	41.965579	10.827415	0.020019	3.1
463	0.871746	41.878876	10.842345	0.016555	5.8
464	0.830925	41.851583	10.847053	0.018105	5.0
465	1.012296	41.866648	10.844454	0.028317	5.0
466	0.868643	41.773715	10.860509	0.019699	7.4
467	0.856194	41.696125	10.873949	0.024297	3.0
468	0.789902	41.855252	10.846420	0.021935	7.3
469	0.932775	41.760259	10.862837	0.021451	5.8
470	0.927376	41.728393	10.868355	0.015782	7.4
471	0.949451	41.883941	10.841472	0.022260	4.0
472	0.851100	41.891089	10.840240	0.019989	3.1
473	0.825067	41.852991	10.846810	0.015224	3.1
474	0.950363	41.864064	10.844900	0.019265	4.9
475	0.962553	41.775142	10.860262	0.016133	4.9
476	0.829214	41.702641	10.872819	0.019499	4.9
477	0.931125	41.737056	10.866855	0.019171	7.1
478	0.868947	41.723766	10.869157	0.016786	4.0
479	0.983058	41.902462	10.838280	0.018441	4.8
480	0.937260	41.923246	10.834700	0.020018	3.1
481	0.778703	41.871027	10.843699	0.018542	2.9
482	0.949621	42.157669	10.794484	0.022926	4.8
483	0.918309	42.831079	10.680604	0.019951	2.9
484	0.852070	42.734690	10.696757	0.026150	3.0
485	0.894045	43.174188	10.623500	0.016199	6.9
486	0.918934	43.309829	10.601093	0.017711	4.0
487	0.901028	43.621992	10.549883	0.025689	3.1
488	0.820484	43.531734	10.564639	0.019380	3.0
489	0.922128	43.435329	10.580445	0.026902	3.1
490	0.927066	43.894344	10.505607	0.017481	4.1
491	0.802569	43.802915	10.520429	0.018792	3.1
492	1.001450	43.737614	10.531041	0.015798	3.4
493	0.871418	43.796506	10.521470	0.023649	4.2
494	0.868255	44.068735	10.477451	0.016752	5.6
495	0.837531	43.976836	10.492269	0.019940	4.8
496	0.886020	43.915441	10.502193	0.014052	4.7
497	0.782377	43.878410	10.508187	0.014797	4.2
498	0.912690	43.837787	10.514771	0.021028	6.9
499	0.856936	43.810143	10.519256	0.019044	5.6
500	0.891894	43.755712	10.528098	0.027714	4.9
501	0.887830	44.318500	10.437387	0.022159	3.0
502	0.855658	44.255858	10.447407	0.030869	3.0
503	0.813973	44.159338	10.462882	0.020481	4.5
504	0.821025	44.079034	10.475793	0.019669	5.2
505	1.002694	43.990670	10.490036	0.023595	6.9
506	0.816244	44.007042	10.487394	0.026665	6.1
507	0.782036	43.911973	10.502754	0.023628	4.1
508	0.861839	44.896310	10.345867	0.021407	4.9
509	0.878261	44.801683	10.360745	0.014160	4.5
510	0.964765	44.926348	10.341153	0.023185	4.6
511	0.975978	44.861867	10.351278	0.029673	5.7
512	0.714460	45.853102	10.197799	0.015670	4.7
513	0.883212	45.758525	10.212246	0.027456	5.7
514	0.892524	45.782658	10.208556	0.019097	5.8
515	0.810252	46.481617	10.102818	0.021004	6.1
516	0.930566	46.697979	10.070529	0.020126	4.9
517	0.753806	46.661071	10.076023	0.014708	5.9
518	0.929735	46.589692	10.086663	0.026874	4.9
519	0.795560	46.852387	10.047612	0.020296	4.8
520	0.751604	47.798101	9.909496	0.012090	4.2
521	0.819739	47.739882	9.917888	0.024108	6.8
522	0.907623	47.757624	9.915329	0.022223	14.6
523	0.909408	47.673241	9.927513	0.020602	4.9
524	0.933907	48.026184	9.876752	0.019972	4.8
525	0.906542	48.268301	9.842229	0.021340	3.0
526	0.864701	49.086137	9.727380	0.016803	4.7
527	0.810416	49.012799	9.737569	0.023238	3.1
528	0.864776	49.481464	9.672819	0.022299	8.4
529	0.806118	49.385041	9.686071	0.018231	5.1
530	0.915473	49.866356	9.620284	0.016260	8.9
531	0.952798	50.342320	9.556102	0.015998	4.8
532	0.825767	50.282092	9.564176	0.018294	3.8
533	0.916199	50.260469	9.567078	0.016840	4.6
534	0.786518	50.427276	9.544736	0.018940	6.5
535	0.768647	50.343433	9.555953	0.023438	5.0
536	0.899648	50.449072	9.541824	0.028559	3.7
537	0.941022	50.547938	9.528639	0.021861	2.8
538	0.877585	51.367221	9.420764	0.016907	4.7
539	0.806576	51.447654	9.410304	0.022105	5.1
540	0.870655	51.351465	9.422815	0.023398	4.4
541	0.764180	51.282281	9.431834	0.016967	3.0
542	0.880964	51.451274	9.409834	0.013801	4.9
543	0.774609	51.382459	9.418780	0.018225	4.6
544	0.829742	51.381012	9.418969	0.014682	6.1
545	0.849637	51.462701	9.408350	0.017626	4.2
546	0.743178	51.441980	9.411041	0.018168	3.1
547	0.773490	51.353561	9.422542	0.017917	3.0
548	0.823206	52.087147	9.327967	0.019684	4.8
549	0.935687	52.027451	9.335592	0.017811	4.7
550	0.866412	51.954890	9.344877	0.024898	3.4
551	0.798211	52.208326	9.312526	0.018067	5.8
552	0.785353	52.602241	9.262686	0.012706	4.9
553	0.897666	52.543965	9.270026	0.019749	3.7
554	0.806958	52.495870	9.276092	0.024164	2.9
555	0.792967	52.422808	9.285323	0.016049	2.8
556	0.801041	52.455835	9.281148	0.017586	4.8
557	0.917428	52.372133	9.291736	0.013326	3.8
558	0.842579	52.553573	9.268815	0.022127	4.8
559	0.753306	52.467814	9.279635	0.019290	7.3
560	0.832418	52.380223	9.290711	0.019081	5.1
561	0.795129	52.552597	9.268938	0.018068	5.3
562	0.822476	52.482749	9.277749	0.020878	4.8
563	0.851943	53.195702	9.188598	0.022141	4.8
564	0.882355	53.101120	9.200326	0.024720	5.1
565	0.886712	53.066062	9.204681	0.015916	16.5
566	0.808162	52.975648	9.215931	0.020899	8.5
567	0.914246	53.762070	9.118989	0.023305	3.4
568	0.851842	53.665834	9.130742	0.018144	5.3
569	0.712646	53.620752	9.136258	0.013919	5.7
570	0.863861	53.565142	9.143072	0.016707	4.7
571	0.816780	53.535832	9.146667	0.015643	6.8
572	0.975523	53.601544	9.138611	0.021702	4.3
573	0.754483	53.525864	9.147891	0.015758	5.2
574	0.809097	53.498832	9.151210	0.018109	5.6
575	0.982857	53.615593	9.136890	0.021565	9.3
576	0.819677	54.223574	9.063043	0.024225	4.8
577	0.980805	55.113761	8.957046	0.026651	5.1
578	0.808338	56.112230	8.841068	0.019369	5.4
579	0.900441	56.281781	8.821671	0.019153	5.7
580	0.833593	56.192592	8.831864	0.013258	5.2
581	0.812120	56.106080	8.841773	0.017603	4.1
582	0.815951	56.049643	8.848250	0.016271	5.6
583	0.959536	56.159592	8.835641	0.033122	3.6
584	0.829357	56.098005	8.842699	0.020862	6.8
585	0.771820	56.720839	8.771836	0.018538	6.8
586	0.781847	56.629366	8.782172	0.017778	3.7
587	0.798637	56.913440	8.750152	0.017513	4.0
588	0.842693	56.843963	8.757962	0.018172	5.4
589	0.718149	56.822402	8.760388	0.020493	4.7
590	0.751657	56.976565	8.743069	0.016385	5.7
591	0.807818	57.240509	8.713574	0.014506	4.6
592	0.725215	57.374763	8.698648	0.029863	3.0
593	0.866444	57.278624	8.709331	0.022415	3.1
594	0.735074	57.182340	8.720057	0.017115	3.0
595	0.718187	57.492387	8.685613	0.017345	4.7
596	0.936273	57.704486	8.662206	0.027619	2.9
597	0.855367	57.635962	8.669754	0.019676	4.5
598	0.890731	57.539792	8.680370	0.019755	5.8
599	0.663370	57.448373	8.690486	0.016210	4.7
600	0.894659	57.364029	8.699840	0.015566	4.8
601	0.883366	57.328898	8.703741	0.031098	4.6
602	0.877413	57.236821	8.713985	0.023346	4.7
603	0.801194	58.225648	8.605224	0.016998	3.5
604	0.869877	58.133123	8.615286	0.016702	4.4
605	0.875421	58.064172	8.622799	0.023969	5.4
606	0.851098	57.977682	8.632242	0.017860	5.6
607	0.917325	57.916004	8.638989	0.019568	3.6
608	0.863230	57.827306	8.648710	0.015243	4.9
609	0.884370	58.122562	8.616436	0.016928	3.6
610	0.847988	58.372725	8.589279	0.017724	6.1
611	0.997835	58.518530	8.573530	0.022588	4.8
612	0.787194	58.568934	8.568099	0.015412	5.0
613	0.918818	58.478149	8.577886	0.015551	4.7
614	0.743364	58.391387	8.587260	0.017701	4.9
615	0.928763	58.307683	8.596323	0.013852	5.1
616	0.740072	58.293704	8.597839	0.014244	6.7
617	0.777200	58.305468	8.596563	0.014135	4.8
618	0.788848	58.263806	8.601082	0.017020	5.2
619	0.766597	58.312804	8.595768	0.018989	5.9
620	0.858935	58.410776	8.585163	0.022870	4.6
621	0.781909	59.120955	8.509066	0.017425	5.0
622	0.817769	59.798508	8.437711	0.022630	7.2
623	0.887008	59.904204	8.426688	0.020866	4.9
624	0.912159	60.713183	8.343262	0.019435	4.8
625	0.882235	60.617469	8.353046	0.022089	4.7
626	0.840761	60.564221	8.358499	0.013648	4.9
627	0.853313	60.542095	8.360767	0.023860	7.3
628	0.816744	60.455693	8.369636	0.018830	4.5
629	0.785706	61.369027	8.276830	0.019039	4.3
630	0.821012	61.323977	8.281360	0.020842	4.8
631	0.853091	61.254265	8.288378	0.023055	3.5
632	0.836347	61.193296	8.294526	0.019998	4.6
633	0.860231	61.102712	8.303678	0.022045	4.8
634	0.878838	61.721244	8.241589	0.026431	7.3
635	0.776335	61.717901	8.241922	0.023774	4.3
636	0.798916	61.621353	8.251553	0.018500	5.0
637	0.706045	61.698516	8.243854	0.014717	4.9
638	0.839640	61.607461	8.252941	0.014440	5.0
639	0.796885	61.550090	8.258676	0.017577	4.5
640	0.827527	61.502442	8.263446	0.021007	5.4
641	0.843645	61.410696	8.272645	0.020015	4.1
642	0.879988	61.407692	8.272947	0.020669	3.9
643	0.841091	61.530111	8.260676	0.014529	3.0
644	0.854424	61.498169	8.263874	0.027136	3.0
645	0.778547	61.412223	8.272492	0.015529	5.0
646	0.837099	61.321245	8.281635	0.019380	4.7
647	0.817090	61.240758	8.289740	0.017695	5.6
648	0.883836	61.152228	8.298673	0.020373	7.3
649	0.944184	61.059709	8.308029	0.021224	5.2
650	0.827671	60.980523	8.316054	0.020289	5.3
651	0.822392	61.115972	8.302337	0.021965	3.8
652	0.907795	61.025324	8.311512	0.026433	5.1
653	0.706805	60.932465	8.320932	0.016363	3.2
654	0.707217	61.391705	8.274552	0.018123	3.0
655	0.730814	61.318151	8.281946	0.017667	4.3
656	0.866214	61.241387	8.289676	0.014432	3.1
657	0.733836	61.294498	8.284326	0.015097	3.1
658	0.756518	61.234084	8.290412	0.017990	4.8
659	0.785032	61.387971	8.274927	0.018182	4.7
660	0.811166	61.293901	8.284386	0.020588	6.0
661	0.968121	61.336100	8.280140	0.021492	4.0
662	0.794654	61.313833	8.282380	0.013456	3.0
663	0.829557	61.247993	8.289010	0.019555	3.0
664	0.729514	61.285057	8.285277	0.024665	4.4
665	0.774257	61.370785	8.276654	0.016213	5.2
666	0.891170	61.655366	8.248157	0.016918	3.0
667	0.796808	61.581541	8.255531	0.013580	4.6
668	0.914409	61.550584	8.258627	0.026634	3.4
669	0.922876	61.455568	8.268144	0.016064	5.8
670	0.881994	62.032242	8.210720	0.020997	4.5
671	0.880457	61.971054	8.216775	0.020790	5.1
672	0.784377	61.950359	8.218825	0.014769	4.8
673	0.810490	62.056783	8.208294	0.024788	6.3
674	0.772570	62.805985	8.134914	0.019497	2.5
675	0.804998	62.716764	8.143584	0.015705	3.0
676	0.718271	62.661228	8.148990	0.016061	5.0
677	0.831350	62.676364	8.147516	0.013633	4.9
678	0.865768	62.802757	8.135227	0.024626	5.3
679	0.692635	62.938269	8.122094	0.014644	4.9
680	0.690600	63.545340	8.063774	0.024205	6.2
681	0.765398	63.452800	8.072609	0.022218	4.6
682	0.622751	63.412063	8.076505	0.023395	4.6
683	0.949215	63.402234	8.077446	0.019885	3.0
684	0.919642	63.306487	8.086619	0.020987	3.0
685	0.776416	63.481940	8.069825	0.016355	5.0
686	0.859448	63.525378	8.065678	0.021933	6.0
687	0.764392	63.444791	8.073375	0.019967	7.4
688	0.753121	63.356924	8.081784	0.021805	4.9
689	0.927005	63.598284	8.058727	0.016984	4.7
690	0.799991	63.563258	8.062065	0.019422	3.0
691	0.832846	63.532574	8.064991	0.022807	5.0
692	0.868411	64.239671	7.998089	0.020228	4.8
693	0.841638	64.162268	8.005358	0.019963	4.6
694	0.845621	64.317203	7.990821	0.016991	5.9
695	0.874741	64.266913	7.995534	0.014254	5.3
696	0.740003	64.426718	7.980577	0.011531	3.0
697	0.733324	64.366159	7.986238	0.015966	3.0
698	0.794016	64.330463	7.989579	0.025339	4.6
699	0.725558	64.234149	7.998607	0.023638	6.8
700	0.714757	64.853822	7.940875	0.017242	5.1
701	0.919637	65.613177	7.871256	0.026540	6.1
702	0.951161	65.520360	7.879700	0.025587	6.0
703	0.815403	65.729505	7.860698	0.017105	4.8
704	0.782302	65.635685	7.869211	0.020304	3.0
705	0.814812	65.613158	7.871258	0.017825	4.5
706	0.804206	65.592063	7.873175	0.024396	5.5
707	0.806309	66.359618	7.804000	0.020731	4.3
708	0.818757	66.265412	7.812425	0.022012	3.2
709	0.747625	67.041621	7.743547	0.016817	5.0
710	0.758406	67.036070	7.744036	0.014343	4.7
711	0.858600	67.155078	7.733581	0.022726	4.9
712	0.747375	67.086485	7.739604	0.017764	4.8
713	0.768267	67.441947	7.708497	0.023666	10.3
714	0.741808	67.347572	7.716731	0.018611	5.6
715	0.697026	67.319065	7.719222	0.025572	4.8
716	0.959913	67.427177	7.709784	0.022892	3.0
717	0.831028	68.125942	7.649338	0.016379	3.0
718	0.796208	68.032112	7.657400	0.020749	5.1
719	0.861382	68.626649	7.606605	0.020095	7.2
720	0.732309	68.733914	7.597512	0.015980	5.1
721	0.942952	69.072717	7.568934	0.022116	3.0
722	0.842275	69.236272	7.555215	0.023948	5.8
723	0.790929	69.375335	7.543590	0.017765	7.3
724	0.748604	70.119205	7.482006	0.023674	5.8
725	0.801807	70.381256	7.460550	0.029416	6.4
726	0.847489	70.284769	7.468436	0.018680	4.8
727	0.739871	70.196823	7.475638	0.021042	4.9
728	0.804007	70.702820	7.434389	0.015123	5.5
729	0.852854	70.998319	7.410510	0.024436	7.1
730	0.850472	70.908306	7.417768	0.021967	5.7
731	0.887435	71.444264	7.374762	0.022682	4.6
732	0.761844	72.381687	7.300730	0.018583	4.9
733	0.816964	72.445611	7.295736	0.017350	4.5
734	0.802120	72.351491	7.303091	0.019080	4.7
735	0.757210	72.396916	7.299539	0.015413	7.0
736	0.797031	72.421612	7.297610	0.021364	5.1
737	0.798019	72.342743	7.303776	0.021802	5.0
738	0.810406	72.572605	7.285834	0.026913	4.6
739	0.729647	73.568386	7.209116	0.014341	9.7
740	0.798160	73.694617	7.199506	0.016695	4.5
741	0.871971	73.658756	7.202234	0.014118	3.0
742	0.818938	73.659296	7.202193	0.037004	3.0
743	0.825770	73.754246	7.194975	0.018511	3.0
744	0.786163	73.662326	7.201962	0.014821	4.8
745	0.863799	73.575441	7.208578	0.022989	4.6
746	0.730352	73.588848	7.207557	0.016470	6.9
747	0.793692	73.691086	7.199775	0.016337	5.7
748	0.755130	73.692038	7.199702	0.022025	5.8
749	0.721642	73.610734	7.205889	0.028015	5.7
750	0.820672	74.578028	7.132962	0.015391	5.5
751	0.805658	74.663105	7.126619	0.019051	5.5
752	0.771275	75.118212	7.092875	0.021862	7.9
753	0.806689	75.021973	7.099984	0.017345	4.2
754	0.799109	74.938482	7.106163	0.012494	5.1
755	0.735377	74.870941	7.111169	0.022172	5.0
756	0.825601	74.994244	7.102035	0.024818	5.9
757	0.735105	75.089676	7.094981	0.019593	5.1
758	0.757007	76.072297	7.023162	0.014987	3.0
759	0.764584	76.004092	7.028100	0.019003	3.0
760	0.846980	75.946030	7.032309	0.019740	3.0
761	0.869477	75.896327	7.035917	0.018234	3.8
762	0.755778	75.804252	7.042609	0.014795	4.8
763	0.837749	75.749680	7.046581	0.024743	7.9
764	0.851603	76.165858	7.016399	0.014828	3.9
765	0.878936	76.254737	7.009987	0.020255	3.0
766	0.802968	76.203759	7.013664	0.014310	3.1
767	0.788677	76.143524	7.018013	0.014502	3.3
768	0.867881	76.233565	7.011514	0.026401	3.0
769	0.639535	76.190928	7.014590	0.020116	3.4
770	0.657885	77.180825	6.943866	0.015076	4.5
771	0.704454	77.087064	6.950503	0.018171	3.5
772	0.706666	77.022945	6.955050	0.017957	3.4
773	0.920384	77.031698	6.954429	0.014449	5.7
774	0.786405	76.947464	6.960410	0.017960	4.6
775	0.832066	77.033735	6.954284	0.014390	3.0
776	0.820544	77.010730	6.955917	0.014276	3.0
777	0.752408	76.998779	6.956765	0.014537	4.9
778	0.910314	76.967113	6.959014	0.025295	3.6
779	0.761895	76.994599	6.957062	0.016385	2.9
780	0.744712	76.901083	6.963707	0.021766	4.9
781	0.841711	77.791522	6.900941	0.020680	3.7
782	0.789188	77.695066	6.907685	0.018072	4.7
783	0.777672	77.605660	6.913949	0.026872	3.0
784	0.810666	77.729192	6.905298	0.012479	3.1
785	0.804596	77.748152	6.903972	0.015255	4.9
786	0.725450	77.751341	6.903749	0.014766	9.0
787	0.814307	77.797530	6.900521	0.018794	3.7
788	0.696165	77.712541	6.906463	0.013179	3.1
789	0.781556	77.784052	6.901463	0.017684	2.9
790	0.772613	77.711029	6.906568	0.013426	4.4
791	0.867030	77.747169	6.904041	0.018753	4.6
792	0.852250	77.673107	6.909223	0.022675	4.4
793	0.842271	78.371079	6.860693	0.014099	3.4
794	0.734779	78.293066	6.866083	0.019233	5.5
795	0.737364	78.219036	6.871206	0.024992	4.7
796	0.911491	79.036036	6.815089	0.022097	5.0
797	0.784381	79.973015	6.751848	0.019599	5.6
798	0.823921	79.910060	6.756061	0.016047	5.7
799	0.818683	79.928438	6.754830	0.018662	5.3
800	0.773279	80.105297	6.743014	0.019436	4.8
801	0.707055	80.027827	6.748185	0.022314	7.0
802	0.711987	79.932402	6.754565	0.019600	4.4
803	0.813756	79.836021	6.761021	0.021942	5.7
804	0.809852	80.749524	6.700321	0.016674	2.9
805	0.770095	80.674990	6.705233	0.022076	3.0
806	0.831055	81.355286	6.660667	0.017488	4.7
807	0.724666	81.553842	6.647771	0.015122	4.6
808	0.752800	81.505382	6.650914	0.019713	9.1
809	0.704129	81.500750	6.651215	0.022208	5.8
810	0.696728	81.553414	6.647799	0.014061	9.8
811	0.841052	81.490501	6.651880	0.019130	4.1
812	0.806677	81.601441	6.644687	0.019146	4.8
813	0.844049	82.117279	6.611447	0.027114	6.7
814	0.840902	82.244091	6.603327	0.013687	5.7
815	0.732906	82.164803	6.608402	0.019461	4.5
816	0.744666	82.203710	6.605911	0.016143	3.4
817	0.875970	82.119639	6.611296	0.019625	5.6
818	0.894313	82.033046	6.616853	0.016092	5.1
819	0.808593	81.990089	6.619612	0.016718	3.0
820	0.822475	81.905778	6.625036	0.018364	3.0
821	0.763600	81.896402	6.625640	0.018438	3.0
822	0.845942	82.129720	6.610650	0.017779	4.9
823	0.820694	82.068979	6.614546	0.017549	2.9
824	0.833563	82.199629	6.606172	0.017671	4.5
825	0.839414	82.473664	6.588676	0.019884	5.7
826	0.688346	82.568183	6.582663	0.026629	5.3
827	0.790496	82.595146	6.580950	0.016261	3.1
828	0.796546	83.393648	6.530613	0.017081	3.0
829	0.764573	83.314124	6.535591	0.015403	4.7
830	0.868054	83.276134	6.537972	0.032796	3.5
831	0.752900	83.197084	6.542932	0.017105	5.5
832	0.891284	83.393480	6.530623	0.023838	4.7
833	0.806422	83.385546	6.531119	0.017401	3.0
834	0.715983	83.797202	6.505464	0.015428	3.0
835	0.884551	83.771827	6.507040	0.024323	3.0
836	0.787706	83.727948	6.509766	0.021647	3.5
837	0.752157	83.640038	6.515235	0.023379	5.4
838	0.673240	83.543534	6.521250	0.016429	3.5
839	0.812908	83.514661	6.523051	0.015467	6.2
840	0.866707	83.529789	6.522107	0.020021	4.0
841	0.834423	83.463734	6.526231	0.013344	3.5
842	0.725471	83.396502	6.530434	0.013728	3.0
843	0.836287	83.388513	6.530934	0.021596	3.0
844	0.754933	83.310848	6.535797	0.027094	5.0
845	0.769468	84.207205	6.480112	0.015487	5.2
846	0.794200	84.112172	6.485971	0.019092	6.1
847	0.751898	84.091295	6.487259	0.021695	4.1
848	0.736490	84.008797	6.492356	0.021491	3.1
849	0.739132	84.050211	6.489796	0.015616	3.1
850	0.662283	83.957761	6.495513	0.021291	3.0
851	0.725954	83.873281	6.500745	0.021369	7.3
852	0.710287	84.585746	6.456880	0.021766	2.5
853	0.699133	84.489594	6.462765	0.019430	3.0
854	0.715587	84.431783	6.466309	0.018931	7.2
855	0.862174	84.541967	6.459558	0.017433	2.8
856	0.752619	84.456864	6.464771	0.026109	4.1
857	0.891633	84.981166	6.432789	0.022553	3.5
858	0.745050	85.965628	6.373585	0.013862	4.8
859	0.787141	86.102542	6.365437	0.015747	5.1
860	0.728662	86.039591	6.369180	0.017382	6.1
861	0.714600	86.104189	6.365339	0.020008	4.8
862	0.720087	86.498612	6.341984	0.020318	4.9
863	0.757807	87.180618	6.302002	0.018344	4.9
864	0.737283	87.310436	6.294449	0.021874	4.7
865	0.820157	87.214705	6.300017	0.020298	4.9
866	0.782812	87.119531	6.305563	0.021361	4.5
867	0.795109	87.391051	6.289767	0.020978	5.1
868	0.737605	87.302141	6.294931	0.020291	4.0
869	0.801223	87.207095	6.300460	0.017860	3.0
870	0.685731	87.113343	6.305924	0.017119	3.1
871	0.743133	87.072096	6.308330	0.016662	4.6
872	0.770439	87.044172	6.309961	0.016841	3.0
873	0.851647	87.148553	6.303870	0.016969	4.9
874	0.750558	87.056365	6.309249	0.016373	5.7
875	0.810862	87.108900	6.306183	0.015277	4.5
876	0.784052	87.194455	6.301196	0.018671	3.0
877	0.795439	87.226505	6.299330	0.015951	4.9
878	0.710490	87.169402	6.302655	0.020122	5.7
879	0.741786	87.280521	6.296188	0.014610	5.7
880	0.684565	87.402913	6.289079	0.015283	4.2
881	0.865209	87.421545	6.287998	0.021466	3.6
882	0.775033	87.466685	6.285381	0.016791	3.3
883	0.804409	87.472971	6.285017	0.021904	3.0
884	0.681575	87.465552	6.285447	0.018152	3.0
885	0.858253	87.383212	6.290222	0.021056	3.9
886	0.776268	87.307590	6.294614	0.022203	4.5
887	0.810764	87.358810	6.291639	0.018231	3.3
888	0.801037	88.225088	6.241739	0.017324	5.5
889	0.762034	88.270662	6.239136	0.023091	3.0
890	0.839047	88.181982	6.244203	0.015308	3.0
891	0.790755	88.165117	6.245168	0.021023	3.0
892	0.762392	88.084104	6.249806	0.017365	3.3
893	0.682315	88.009925	6.254059	0.021880	3.0
894	0.720709	87.929023	6.258704	0.014602	4.6
895	0.712968	87.870595	6.262063	0.019422	3.0
896	0.778463	87.858554	6.262755	0.019485	6.8
897	0.782656	87.853703	6.263034	0.024374	6.2
898	0.782500	88.648731	6.217623	0.017654	3.7
899	0.698227	88.858439	6.205754	0.017500	3.1
900	0.749267	88.813002	6.208322	0.015386	3.0
901	0.765861	89.087622	6.192835	0.017449	5.2
902	0.829849	89.103695	6.191931	0.021385	3.0
903	0.790522	89.097627	6.192272	0.020470	3.1
904	0.885457	89.009118	6.197254	0.015987	4.0
905	0.780805	88.914531	6.202587	0.021198	5.6
906	0.745702	88.905272	6.203110	0.029044	3.0
907	0.827452	88.808836	6.208557	0.027374	3.0
908	0.771251	89.808820	6.152529	0.018422	3.0
909	0.821102	90.495704	6.114625	0.021751	5.0
910	0.747268	90.502365	6.114260	0.014497	6.1
911	0.840806	90.639542	6.106747	0.016620	5.6
912	0.677656	90.565314	6.110810	0.017371	5.7
913	0.816748	90.504825	6.114125	0.021739	5.5
914	0.839481	90.480795	6.115443	0.016308	5.6
915	0.758334	90.885009	6.093350	0.017699	5.7
916	0.881317	91.331310	6.069140	0.023187	7.8
917	0.837321	91.810151	6.043379	0.019274	4.3
918	0.742965	91.713971	6.048536	0.021933	6.0
919	0.809529	91.617724	6.053705	0.023637	4.7
920	0.780604	91.996710	6.033401	0.019232	4.9
921	0.649063	92.254544	6.019665	0.014957	5.1
922	0.779100	92.167252	6.024309	0.019032	8.0
923	0.727565	92.558589	6.003548	0.023944	6.3
924	0.879258	92.479574	6.007729	0.019996	5.5
925	0.813969	93.319926	5.963566	0.020188	4.6
926	0.807317	93.492231	5.954592	0.019836	4.9
927	0.795665	93.411781	5.958779	0.019249	7.0
928	0.842910	93.317027	5.963718	0.029643	4.7
929	0.701288	93.509146	5.953712	0.020387	3.0
930	0.837064	93.484755	5.954980	0.020865	3.1
931	0.794809	94.314646	5.912124	0.018791	3.4
932	0.923049	94.303513	5.912695	0.022357	4.7
933	0.892074	94.295069	5.913128	0.017722	7.6
934	0.785795	94.202448	5.917882	0.019215	4.8
935	0.721730	94.345801	5.910527	0.013460	3.0
936	0.763877	94.383664	5.908587	0.017597	3.0
937	0.792439	94.313301	5.912193	0.019321	3.0
938	0.752481	94.326636	5.911509	0.014972	5.5
939	0.895966	94.333000	5.911183	0.023383	4.9
940	0.726070	94.319301	5.911885	0.018549	5.0
941	0.796745	94.226522	5.916645	0.014200	4.9
942	0.776570	94.351569	5.910231	0.013607	13.1
943	0.788947	94.269979	5.914415	0.017900	4.4
944	0.709107	94.598354	5.897614	0.017243	8.8
945	0.751296	94.549021	5.900132	0.012311	6.6
946	0.797382	94.470570	5.904141	0.016666	4.6
947	0.750861	94.436862	5.905865	0.022370	6.9
948	0.769548	94.723676	5.891227	0.020994	5.0
949	0.903761	94.628300	5.896087	0.023699	5.6
950	0.852659	94.533511	5.900924	0.025708	4.1
951	0.885315	94.752305	5.889770	0.022908	8.2
952	0.779562	94.660139	5.894464	0.012670	5.1
953	0.689250	94.738004	5.890498	0.018498	3.0
954	0.778065	94.677258	5.893591	0.014846	3.6
955	0.806366	94.593167	5.897879	0.024229	3.4
956	0.804793	94.552138	5.899973	0.018817	4.5
957	0.789636	95.148896	5.869660	0.013089	5.1
958	0.797354	95.113927	5.871427	0.014529	6.1
959	0.794171	95.038820	5.875228	0.017163	3.8
960	0.715942	95.354011	5.859312	0.016343	5.0
961	0.724414	95.310048	5.861527	0.015004	4.9
962	0.760841	95.331522	5.860445	0.023371	5.2
963	0.823752	95.370428	5.858486	0.022945	4.9
964	0.768400	96.364507	5.808864	0.025740	4.6
965	0.800757	96.925239	5.781243	0.020026	4.9
966	0.738528	97.859196	5.735816	0.013439	3.9
967	0.786355	97.824482	5.737492	0.023242	3.0
968	0.785993	98.242291	5.717388	0.015533	4.5
969	0.752503	98.966983	5.682851	0.020733	4.5
970	0.812359	98.873777	5.687269	0.018839	4.9
971	0.709499	99.065194	5.678202	0.014272	5.1
972	0.785751	98.990657	5.681730	0.013080	3.0
973	0.768405	99.151080	5.674144	0.014862	3.1
974	0.836163	99.093496	5.676864	0.013160	3.0
975	0.759402	99.023838	5.680159	0.014572	4.5
976	0.784938	98.950415	5.683636	0.020527	5.1
977	0.775900	99.048342	5.679000	0.018940	5.0
978	0.750516	98.962372	5.683069	0.017376	6.7
979	0.734747	99.048420	5.678996	0.013422	5.7
980	0.710070	99.149757	5.674206	0.016003	3.7
981	0.668531	99.135731	5.674868	0.019822	4.5
982	0.800091	99.163462	5.673559	0.021111	4.7
983	0.761431	99.642691	5.651022	0.015995	4.4
984	0.806971	100.285702	5.621062	0.026518	8.0
985	0.739688	100.221636	5.624033	0.016075	5.8
986	0.641136	100.736983	5.600225	0.018116	5.2
987	0.758898	100.689776	5.602397	0.018148	5.1
988	0.682338	100.746501	5.599787	0.016725	6.5
989	0.778328	100.656997	5.603907	0.021783	4.3
990	0.830648	100.564870	5.608154	0.023874	3.0
991	0.693257	100.593961	5.606812	0.016140	5.6
992	0.841785	100.500279	5.611135	0.018829	3.1
993	0.664631	100.435674	5.614120	0.014182	3.0
994	0.826912	100.384444	5.616490	0.026246	4.9
995	0.867998	100.503885	5.610968	0.017006	6.7
996	0.762724	100.407892	5.615405	0.018452	5.7
997	0.661698	100.331678	5.618932	0.022442	4.2
998	0.797589	100.235801	5.623376	0.032646	4.1
999	0.782497	101.188953	5.579510	0.019233	4.3
