index
46
7.445726e+02 3.027177e+02
6.492871e+02 2.975383e+02
6.012944e+02 2.648838e+02
4.432466e+02 4.920363e+02
4.831912e+02 5.150084e+02
4.062760e+02 3.837110e+02
3.800926e+02 3.499308e+02
4.268810e+02 4.495449e+02
4.019362e+02 5.221477e+02
7.446588e+01 3.402515e+02
1.111134e+02 4.208247e+02
1.534470e+02 4.785949e+02
1.926915e+02 4.414375e+02
1.444638e+02 5.589989e+02
1.549818e+02 6.104173e+02
5.193695e+01 4.499650e+02
3.954161e+01 4.076894e+02
3.544746e+02 3.647167e+02
3.226320e+02 3.560522e+02
3.323960e+02 3.427157e+02
2.316129e+02 3.765280e+02
1.205812e+02 3.820487e+02
1.807494e+01 2.678499e+02
5.745529e+02 3.535674e+02
5.782539e+02 3.306565e+02
6.571003e+02 4.574365e+02
7.441956e+02 2.703403e+02
6.787676e+02 2.737174e+02
6.056489e+02 4.685070e+02
5.701788e+02 3.186615e+02
4.298281e+02 3.618791e+02
6.604977e+02 2.380562e+02
5.967587e+02 2.161018e+02
5.674397e+02 2.537987e+02
5.969741e+02 2.346032e+02
6.184139e+02 3.721301e+02
2.806827e+02 5.016895e+02
2.842491e+02 4.672152e+02
2.565383e+02 4.726425e+02
5.984476e+02 1.907703e+02
2.808638e+02 3.468482e+02
1.879404e+02 3.741541e+02
3.795614e+02 4.747073e+02
1.900945e+02 5.591681e+02
1.122173e+02 5.156443e+02
4.996032e+02 3.910952e+02
