(Transform "BSplineTransform")
(NumberOfParameters 476)
(TransformParameters 0.011504 0.186053 0.142455 0.000562 -0.024876 -0.022016 -0.046781 -0.068232 0.036429 0.035754 0.078719 -0.011031 0.041539 -0.151637 -1.552384 -0.827021 -0.010059 0.108095 1.549695 1.040902 0.149417 -0.217076 -0.374341 -1.047613 -1.504320 0.938329 0.894291 1.126070 -0.370059 0.367077 -1.316647 -15.908098 -10.428591 -0.250629 0.217758 2.823653 1.381876 0.676056 -0.552118 -1.554966 -2.024243 -2.940476 1.623984 1.439248 1.555608 -2.063018 0.089649 -4.082516 -25.684727 -18.443926 -0.723085 0.128688 1.799732 0.377835 1.022698 -0.123318 -2.748887 -1.498454 -2.699073 6.071826 4.268949 -0.077518 -4.308982 2.324964 -15.296087 -54.577068 -27.867597 -1.032460 0.211453 2.408964 6.297693 8.306208 9.698556 4.684771 -1.815399 -0.097705 6.252897 -4.919488 0.842896 3.612830 0.837911 -12.264939 -50.727621 -29.527299 -1.174443 0.228459 2.659654 12.476726 14.553809 10.461631 8.389344 11.070918 8.468108 4.186539 -4.292041 2.035814 8.741561 -8.192673 -6.000246 -22.604321 -15.593625 -0.692279 0.200680 2.640318 6.039403 2.339343 1.124040 8.180494 10.552730 2.903712 10.796712 6.744943 -0.509410 -0.975308 -8.225587 -10.818732 -10.972098 -13.246450 -0.898012 0.945280 7.764133 8.853103 3.278562 -1.288871 2.702512 4.583249 1.058697 -2.799392 0.281253 0.560765 -5.782793 -7.870128 -4.620860 3.251774 -10.946189 -0.737825 0.995534 1.826952 -5.913411 -4.330425 -3.911842 -3.594830 5.301371 1.426228 2.357254 4.899228 19.075324 6.621566 12.968052 14.466979 0.556813 -6.512153 -0.399778 1.372235 11.650659 -2.597475 -12.984264 -5.795353 -3.749148 -4.428221 -7.171809 4.197996 -7.204576 11.189448 10.692922 22.312765 14.696004 6.180778 -11.419041 -1.234187 0.917929 16.082353 10.807718 -13.665822 -5.330142 -8.054547 -6.019371 1.958340 3.728087 -0.175955 0.787223 4.601376 20.271239 10.404405 12.155306 -12.000507 -1.225616 0.640013 25.981542 53.774109 11.296448 0.617462 -6.130194 -4.198881 0.172924 -1.259435 0.558709 -1.163907 -0.163424 7.674488 4.087650 -5.659061 -15.473176 -0.937192 0.166184 11.215379 25.997200 5.998994 0.468714 -0.678311 -0.567301 -0.143740 -0.939834 0.290112 0.049866 -1.138617 -0.551950 3.776472 5.538910 -0.364976 -0.077835 0.003683 0.521724 1.338051 0.270116 0.010040 -0.019355 -0.025095 -0.027291 -0.084561 0.020893 0.068039 -0.064383 -0.068205 0.058577 0.195021 0.023323 0.000494 0.009695 0.242455 0.219691 -0.032094 -0.019767 -0.026416 -0.049477 -0.154444 -0.017813 -0.036446 -0.031797 -0.028385 -0.025732 0.030846 0.441441 0.239418 0.003049 0.050367 1.189906 0.796202 -0.487072 -0.229096 -0.184640 -0.912501 -3.445510 -3.191681 -1.098874 0.012075 -0.811238 -1.034428 -1.058418 3.647790 3.058326 0.082641 0.001505 0.064277 -0.985152 -1.906615 -1.525215 -2.723206 -3.454531 -1.900201 -3.063710 -4.833945 5.896261 6.073511 9.945353 -0.547332 -4.529254 3.994113 0.206621 -0.135016 -3.829899 -6.382153 -6.180648 -6.502825 -6.546670 -4.753030 -2.192655 10.471983 -7.483939 3.878676 5.850916 15.843439 13.975205 3.733349 8.147733 0.381913 -0.602175 -15.837769 -19.640570 -15.123558 -12.300620 -8.095133 -7.329853 -3.713701 6.445974 -4.957327 4.387780 11.559385 15.090386 18.824323 30.887182 17.755102 0.659988 -0.498371 -11.078857 -8.850673 -0.205502 2.042501 4.928223 6.442902 7.666189 6.300682 11.709787 3.937653 -3.771231 -3.676316 -0.515178 19.751015 8.393175 0.321057 -0.294708 -4.940383 -3.078026 6.943379 6.898286 4.259196 3.833270 2.905016 8.915306 0.491852 -7.108377 -4.288465 -8.585965 1.421537 43.312877 8.085085 0.239187 0.084356 -0.391774 -15.565461 -6.340092 1.896680 -6.355963 -6.266257 0.161260 -5.430603 -11.423346 5.124635 -12.554140 -3.115593 6.694015 19.199487 3.827888 0.283536 0.161712 4.256336 -0.379423 2.915648 4.383867 4.370607 2.563653 2.858649 -5.626211 -3.931277 -5.733534 -25.877237 0.410892 25.686147 16.220248 16.269234 0.754451 0.068140 4.988910 11.665212 7.951589 -0.127156 -2.171057 -9.559144 3.164382 -0.918959 -4.082700 -13.389847 -14.318164 -10.907091 -5.184618 9.010198 15.323421 0.738703 -0.108258 -0.180649 -2.049537 0.902525 -6.615401 -7.787928 -4.244661 5.985587 2.201888 -4.493823 -0.824133 1.736968 10.551685 13.566744 8.336061 2.404932 0.168845 -0.194715 -6.534676 -22.842146 -6.963507 6.797474 7.793834 4.953836 0.720622 0.123203 -0.314791 -0.471459 -0.227055 1.997463 7.604003 16.133527 8.925552 0.313331 -0.056725 -3.125178 -11.105758 -5.675211 1.277527 0.659614 0.344795 0.057062 -0.258197 0.070848 1.021920 2.032641 1.081352 0.755450 9.649594 7.101249 0.233058 -0.001144 -0.152426 -0.385341 0.136834 0.110839 -0.008618 0.013265 0.016500 -0.018781 0.014602 0.045701 0.223036 0.304439 0.037505 0.176946 0.180418 0.005996)
(InitialTransformParametersFileName "NoInitialTransform")
(HowToCombineTransforms "Compose")

// Image specific
(FixedImageDimension 2)
(MovingImageDimension 2)
(FixedInternalImagePixelType "float")
(MovingInternalImagePixelType "float")
(Size 851 700)
(Index 0 0)
(Spacing 1.0000000000 1.0000000000)
(Origin 0.0000000000 0.0000000000)
(Direction 1.0000000000 0.0000000000 0.0000000000 1.0000000000)
(UseDirectionCosines "true")

// BSplineTransform specific
(GridSize 17 14)
(GridIndex 0 0)
(GridSpacing 64.0000000000 64.0000000000)
(GridOrigin -87.0000000000 -66.5000000000)
(GridDirection 1.0000000000 0.0000000000 0.0000000000 1.0000000000)
(BSplineTransformSplineOrder 3)
(UseCyclicTransform "false")

// ResampleInterpolator specific
(ResampleInterpolator "FinalBSplineInterpolator")
(FinalBSplineInterpolationOrder 3)

// Resampler specific
(Resampler "DefaultResampler")
(DefaultPixelValue 0.000000)
(ResultImageFormat "mha")
(ResultImagePixelType "short")
(CompressResultImage "false")
